5.364179490119734828e-01
2.437844715975454601e-01
1.624308808239569302e-01
1.370834243660376817e-01
1.342049114558545586e-01
1.284003064670662386e-01
1.222059319318763021e-01
1.155197319695221436e-01
1.111018741524126829e-01
1.073156861118015198e-01
1.047427627453167281e-01
9.997684972172027340e-02
9.423494436661310203e-02
8.735303896428998904e-02
8.209823980656970333e-02
7.328446454439360713e-02
6.312811515498108206e-02
5.043405213758351407e-02
3.682955234571799047e-02
1.764291455503236641e-02
-3.399573595326466861e-03
-3.008313289482061892e-02
-5.919282459143974245e-02
-1.024457135769208244e-01
-1.455653931223595265e-01
-1.833965343219776389e-01
-2.464089818128479548e-01
-2.636081025491701646e-01
-3.088432519893255512e-01
-3.551900859222709150e-01
-4.058495494916798396e-01
-4.200266360752294426e-01
-3.751546501271314504e-01
-3.468397826227079261e-01
-2.796242914386976586e-01
-2.392652038607336884e-01
-1.951383915694297755e-01
-1.576087399055088323e-01
-1.237940243391014300e-01
-8.506285779811477432e-02
-6.019629612155857207e-02
-3.544291141465991807e-02
-1.911638558952702405e-02
-2.486272645383686905e-03
1.046005120900138363e-02
2.361925468077883186e-02
3.426438785477303045e-02
4.158433086793675293e-02
4.758821714185984542e-02
5.246751662634217134e-02
5.732022825618560136e-02
6.213556572287212004e-02
6.660486656886956125e-02
7.126122185517665131e-02
7.359886859986676522e-02
7.537709711323849204e-02
7.930870743057806538e-02
8.014674710170523186e-02
8.290502925074948182e-02
8.680882038143362955e-02
9.302152546867777094e-02
1.024930777343898147e-01
1.169567333931318398e-01
1.312884500091264783e-01
1.435986297528148159e-01
1.574284925398071466e-01
1.749711147893701357e-01
1.961593823582381546e-01
1.745131592393175668e-01
1.777646312018878738e-01
2.025682894376581722e-01
1.980800091311237521e-01
1.738680608780367731e-01
1.661917284387720295e-01
1.528553341157170842e-01
1.165267803000662600e-01
9.460069523925630774e-02
7.778135614393270891e-02
6.344710213845915214e-02
5.213069395768799713e-02
4.246476778373899780e-02
3.439256456984869648e-02
2.670297755924119429e-02
2.139182538796672792e-02
1.459509342828522321e-02
1.008095861871612271e-02
7.507037357964141226e-03
1.753925087211819943e-03
-7.732530557783816143e-03
-1.439911840555214116e-02
-2.457556910716797785e-02
-2.933235004034018614e-02
-3.602872505995546176e-02
-4.503571058320198633e-02
-5.377355876423267622e-02
-5.652916145887226101e-02
-6.553177273464072528e-02
-7.047242580470092221e-02
-7.493437640790782950e-02
-8.042099211597156239e-02
