7.958476946263698665e+03
7.881866746234258244e+03
7.881866746234253696e+03
7.707216965389869074e+03
7.682976144738354378e+03
7.682976144738349831e+03
7.682976144738346193e+03
7.583653774635864465e+03
7.561004595449989210e+03
7.481259034115809300e+03
7.470549631483789199e+03
7.456660433150970675e+03
7.456660433150966128e+03
7.316320435940091556e+03
7.286714320938163837e+03
7.216412396350661766e+03
7.171754718753425550e+03
7.052603663997408148e+03
7.052603663997403601e+03
6.984882925154320219e+03
6.945370794769019085e+03
6.831846229333188603e+03
6.831846229333184965e+03
6.726661587870336007e+03
6.568840892984281709e+03
6.568840892984278071e+03
6.349245790832695093e+03
6.278163105687860480e+03
6.227827212674104885e+03
6.227827212674101247e+03
6.208759241041135283e+03
6.120152456709920443e+03
6.120152456709916805e+03
6.010339607390935271e+03
6.010339607390931633e+03
5.981415699852424041e+03
5.981415699852420403e+03
5.981415699852416765e+03
5.821461102229249263e+03
5.789180689782170703e+03
5.668581152487043255e+03
5.668581152487039617e+03
5.596116375732013694e+03
5.589336523274495448e+03
5.502137072236892891e+03
5.424990969543571737e+03
5.424990969543569008e+03
5.421246316966704399e+03
5.421246316966701670e+03
5.421246316966698032e+03
5.421246316966694394e+03
5.387085828410313297e+03
5.292783622823243604e+03
5.292783622823240876e+03
5.292783622823237238e+03
5.165327573173465680e+03
5.165327573173462952e+03
5.133782633448790875e+03
5.065397629844934272e+03
5.002489127245856253e+03
5.002489127245852615e+03
4.980928027193382150e+03
4.980928027193378512e+03
4.980928027193375783e+03
4.947500403944938626e+03
4.947500403944935897e+03
4.876943745668222618e+03
4.876943745668218980e+03
4.868245569855691429e+03
4.868245569855688700e+03
4.826526666159584238e+03
4.827261945174233006e+03
4.827261945174230277e+03
4.827261945174226639e+03
4.827261945174223911e+03
4.827261945174221182e+03
4.827261945174217544e+03
4.827261945174214816e+03
4.827261945174212087e+03
4.827261945174208449e+03
4.806635886949032283e+03
4.806635886949029555e+03
4.734020828026316849e+03
4.726250894868279829e+03
4.631827542750030261e+03
4.474634803660892430e+03
4.397352114261853785e+03
4.397352114261853785e+03
4.302283600184883653e+03
4.302283600184880925e+03
4.139710452009895562e+03
4.056485574219009777e+03
4.056485574219008413e+03
4.056485574219007049e+03
3.907310185578049641e+03
3.907310185578048277e+03
3.830867416492445500e+03
3.772875398160653731e+03
3.772875398160652367e+03
3.623412136557263693e+03
